image: /home/greg/ME5413_Final_Project/src/me5413_world/maps/my_map.pgm
resolution: 0.020000
origin: [-10.000000, -20.880000, 0.000000]
negate: 0
occupied_thresh: 0.65
free_thresh: 0.196

